no guesses available         at coord: 0, 0

2 0 0 0 0 0 0 6 0
0 0 0 0 7 5 0 3 0
0 4 8 0 9 0 1 0 0
0 0 0 3 0 0 0 0 0
3 0 0 0 1 0 0 0 9
0 0 0 0 0 8 0 0 0
0 0 1 0 2 0 5 7 0
0 8 0 7 3 0 0 0 0
0 9 0 0 0 0 0 0 4

available guesses: 1 3 5 7   at coord: 0, 1

2 1 0 0 0 0 0 6 0
0 0 0 0 7 5 0 3 0
0 4 8 0 9 0 1 0 0
0 0 0 3 0 0 0 0 0
3 0 0 0 1 0 0 0 9
0 0 0 0 0 8 0 0 0
0 0 1 0 2 0 5 7 0
0 8 0 7 3 0 0 0 0
0 9 0 0 0 0 0 0 4

available guesses: 3 5 7 9   at coord: 0, 2

2 1 3 0 0 0 0 6 0
0 0 0 0 7 5 0 3 0
0 4 8 0 9 0 1 0 0
0 0 0 3 0 0 0 0 0
3 0 0 0 1 0 0 0 9
0 0 0 0 0 8 0 0 0
0 0 1 0 2 0 5 7 0
0 8 0 7 3 0 0 0 0
0 9 0 0 0 0 0 0 4

available guesses: 4 8       at coord: 0, 3

2 1 3 4 0 0 0 6 0
0 0 0 0 7 5 0 3 0
0 4 8 0 9 0 1 0 0
0 0 0 3 0 0 0 0 0
3 0 0 0 1 0 0 0 9
0 0 0 0 0 8 0 0 0
0 0 1 0 2 0 5 7 0
0 8 0 7 3 0 0 0 0
0 9 0 0 0 0 0 0 4

available guesses: 8         at coord: 0, 4

2 1 3 4 8 0 0 6 0
0 0 0 0 7 5 0 3 0
0 4 8 0 9 0 1 0 0
0 0 0 3 0 0 0 0 0
3 0 0 0 1 0 0 0 9
0 0 0 0 0 8 0 0 0
0 0 1 0 2 0 5 7 0
0 8 0 7 3 0 0 0 0
0 9 0 0 0 0 0 0 4

no guesses available         at coord: 0, 5

2 1 3 4 8 0 0 6 0
0 0 0 0 7 5 0 3 0
0 4 8 0 9 0 1 0 0
0 0 0 3 0 0 0 0 0
3 0 0 0 1 0 0 0 9
0 0 0 0 0 8 0 0 0
0 0 1 0 2 0 5 7 0
0 8 0 7 3 0 0 0 0
0 9 0 0 0 0 0 0 4

no guesses available         at coord: 0, 5

2 1 3 5 8 0 0 6 0
0 0 0 0 7 5 0 3 0
0 4 8 0 9 0 1 0 0
0 0 0 3 0 0 0 0 0
3 0 0 0 1 0 0 0 9
0 0 0 0 0 8 0 0 0
0 0 1 0 2 0 5 7 0
0 8 0 7 3 0 0 0 0
0 9 0 0 0 0 0 0 4

no guesses available         at coord: 0, 4

2 1 3 5 8 0 0 6 0
0 0 0 0 7 5 0 3 0
0 4 8 0 9 0 1 0 0
0 0 0 3 0 0 0 0 0
3 0 0 0 1 0 0 0 9
0 0 0 0 0 8 0 0 0
0 0 1 0 2 0 5 7 0
0 8 0 7 3 0 0 0 0
0 9 0 0 0 0 0 0 4

available guesses: 4         at coord: 0, 5

2 1 3 5 8 4 0 6 0
0 0 0 0 7 5 0 3 0
0 4 8 0 9 0 1 0 0
0 0 0 3 0 0 0 0 0
3 0 0 0 1 0 0 0 9
0 0 0 0 0 8 0 0 0
0 0 1 0 2 0 5 7 0
0 8 0 7 3 0 0 0 0
0 9 0 0 0 0 0 0 4

available guesses: 7 9       at coord: 0, 6

2 1 3 5 8 4 7 6 0
0 0 0 0 7 5 0 3 0
0 4 8 0 9 0 1 0 0
0 0 0 3 0 0 0 0 0
3 0 0 0 1 0 0 0 9
0 0 0 0 0 8 0 0 0
0 0 1 0 2 0 5 7 0
0 8 0 7 3 0 0 0 0
0 9 0 0 0 0 0 0 4

no guesses available         at coord: 0, 7

2 1 3 5 8 4 7 6 0
0 0 0 0 7 5 0 3 0
0 4 8 0 9 0 1 0 0
0 0 0 3 0 0 0 0 0
3 0 0 0 1 0 0 0 9
0 0 0 0 0 8 0 0 0
0 0 1 0 2 0 5 7 0
0 8 0 7 3 0 0 0 0
0 9 0 0 0 0 0 0 4

no guesses available         at coord: 0, 8

2 1 3 5 8 4 7 9 0
0 0 0 0 7 5 0 3 0
0 4 8 0 9 0 1 0 0
0 0 0 3 0 0 0 0 0
3 0 0 0 1 0 0 0 9
0 0 0 0 0 8 0 0 0
0 0 1 0 2 0 5 7 0
0 8 0 7 3 0 0 0 0
0 9 0 0 0 0 0 0 4

available guesses: 6         at coord: 0, 8

2 1 3 5 8 4 7 9 6
0 0 0 0 7 5 0 3 0
0 4 8 0 9 0 1 0 0
0 0 0 3 0 0 0 0 0
3 0 0 0 1 0 0 0 9
0 0 0 0 0 8 0 0 0
0 0 1 0 2 0 5 7 0
0 8 0 7 3 0 0 0 0
0 9 0 0 0 0 0 0 4

available guesses: 6 9       at coord: 1, 0

2 1 3 5 8 4 7 9 6
6 0 0 0 7 5 0 3 0
0 4 8 0 9 0 1 0 0
0 0 0 3 0 0 0 0 0
3 0 0 0 1 0 0 0 9
0 0 0 0 0 8 0 0 0
0 0 1 0 2 0 5 7 0
0 8 0 7 3 0 0 0 0
0 9 0 0 0 0 0 0 4

no guesses available         at coord: 1, 1

2 1 3 5 8 4 7 9 6
6 9 0 0 7 5 0 3 0
0 4 8 0 9 0 1 0 0
0 0 0 3 0 0 0 0 0
3 0 0 0 1 0 0 0 9
0 0 0 0 0 8 0 0 0
0 0 1 0 2 0 5 7 0
0 8 0 7 3 0 0 0 0
0 9 0 0 0 0 0 0 4

no guesses available         at coord: 1, 2

2 1 3 5 7 4 7 9 6
6 9 0 0 7 5 0 3 0
0 4 8 0 9 0 1 0 0
0 0 0 3 0 0 0 0 0
3 0 0 0 1 0 0 0 9
0 0 0 0 0 8 0 0 0
0 0 1 0 2 0 5 7 0
0 8 0 7 3 0 0 0 0
0 9 0 0 0 0 0 0 4

no guesses available         at coord: 0, 5

2 1 3 5 7 4 7 9 6
6 9 0 0 7 5 0 3 0
0 4 8 0 9 0 1 0 0
0 0 0 3 0 0 0 0 0
3 0 0 0 1 0 0 0 9
0 0 0 0 0 8 0 0 0
0 0 1 0 2 0 5 7 0
0 8 0 7 3 0 0 0 0
0 9 0 0 0 0 0 0 4

no guesses available         at coord: 0, 6

2 1 3 5 7 4 7 9 6
6 9 0 0 7 5 0 3 0
0 4 8 0 9 0 1 0 0
0 0 0 3 0 0 0 0 0
3 0 0 0 1 0 0 0 9
0 0 0 0 0 8 0 0 0
0 0 1 0 2 0 5 7 0
0 8 0 7 3 0 0 0 0
0 9 0 0 0 0 0 0 4

no guesses available         at coord: 0, 7

2 1 3 5 7 4 7 9 6
6 9 0 0 7 5 0 3 0
0 4 8 0 9 0 1 0 0
0 0 0 3 0 0 0 0 0
3 0 0 0 1 0 0 0 9
0 0 0 0 0 8 0 0 0
0 0 1 0 2 0 5 7 0
0 8 0 7 3 0 0 0 0
0 9 0 0 0 0 0 0 4

no guesses available         at coord: 0, 8

2 1 3 5 7 4 7 9 6
6 9 0 0 7 5 0 3 0
0 4 8 0 9 0 1 0 0
0 0 0 3 0 0 0 0 0
3 0 0 0 1 0 0 0 9
0 0 0 0 0 8 0 0 0
0 0 1 0 2 0 5 7 0
0 8 0 7 3 0 0 0 0
0 9 0 0 0 0 0 0 4

no guesses available         at coord: 1, 0

2 1 3 5 7 4 7 9 6
6 9 0 0 7 5 0 3 0
0 4 8 0 9 0 1 0 0
0 0 0 3 0 0 0 0 0
3 0 0 0 1 0 0 0 9
0 0 0 0 0 8 0 0 0
0 0 1 0 2 0 5 7 0
0 8 0 7 3 0 0 0 0
0 9 0 0 0 0 0 0 4

no guesses available         at coord: 1, 1

2 1 3 5 7 4 7 9 6
6 9 0 0 7 5 0 3 0
0 4 8 0 9 0 1 0 0
0 0 0 3 0 0 0 0 0
3 0 0 0 1 0 0 0 9
0 0 0 0 0 8 0 0 0
0 0 1 0 2 0 5 7 0
0 8 0 7 3 0 0 0 0
0 9 0 0 0 0 0 0 4

no guesses available         at coord: 1, 2

2 1 3 5 7 9 7 9 6
6 9 0 0 7 5 0 3 0
0 4 8 0 9 0 1 0 0
0 0 0 3 0 0 0 0 0
3 0 0 0 1 0 0 0 9
0 0 0 0 0 8 0 0 0
0 0 1 0 2 0 5 7 0
0 8 0 7 3 0 0 0 0
0 9 0 0 0 0 0 0 4

no guesses available         at coord: 0, 6

2 1 3 5 7 9 7 9 6
6 9 0 0 7 5 0 3 0
0 4 8 0 9 0 1 0 0
0 0 0 3 0 0 0 0 0
3 0 0 0 1 0 0 0 9
0 0 0 0 0 8 0 0 0
0 0 1 0 2 0 5 7 0
0 8 0 7 3 0 0 0 0
0 9 0 0 0 0 0 0 4

no guesses available         at coord: 0, 7

2 1 3 5 7 9 7 9 6
6 9 0 0 7 5 0 3 0
0 4 8 0 9 0 1 0 0
0 0 0 3 0 0 0 0 0
3 0 0 0 1 0 0 0 9
0 0 0 0 0 8 0 0 0
0 0 1 0 2 0 5 7 0
0 8 0 7 3 0 0 0 0
0 9 0 0 0 0 0 0 4

no guesses available         at coord: 0, 8

2 1 3 5 7 9 7 9 6
6 9 0 0 7 5 0 3 0
0 4 8 0 9 0 1 0 0
0 0 0 3 0 0 0 0 0
3 0 0 0 1 0 0 0 9
0 0 0 0 0 8 0 0 0
0 0 1 0 2 0 5 7 0
0 8 0 7 3 0 0 0 0
0 9 0 0 0 0 0 0 4

no guesses available         at coord: 1, 0

2 1 3 5 7 9 7 9 6
6 9 0 0 7 5 0 3 0
0 4 8 0 9 0 1 0 0
0 0 0 3 0 0 0 0 0
3 0 0 0 1 0 0 0 9
0 0 0 0 0 8 0 0 0
0 0 1 0 2 0 5 7 0
0 8 0 7 3 0 0 0 0
0 9 0 0 0 0 0 0 4

no guesses available         at coord: 1, 1

2 1 3 5 7 9 7 9 6
6 9 0 0 7 5 0 3 0
0 4 8 0 9 0 1 0 0
0 0 0 3 0 0 0 0 0
3 0 0 0 1 0 0 0 9
0 0 0 0 0 8 0 0 0
0 0 1 0 2 0 5 7 0
0 8 0 7 3 0 0 0 0
0 9 0 0 0 0 0 0 4

no guesses available         at coord: 1, 2

2 1 3 5 7 9 7 9 6
6 9 0 0 7 5 0 3 0
0 4 8 0 9 0 1 0 0
0 0 0 3 0 0 0 0 0
3 0 0 0 1 0 0 0 9
0 0 0 0 0 8 0 0 0
0 0 1 0 2 0 5 7 0
0 8 0 7 3 0 0 0 0
0 9 0 0 0 0 0 0 4

no guesses available         at coord: 0, 3

2 1 3 5 7 9 7 9 6
6 9 0 0 7 5 0 3 0
0 4 8 0 9 0 1 0 0
0 0 0 3 0 0 0 0 0
3 0 0 0 1 0 0 0 9
0 0 0 0 0 8 0 0 0
0 0 1 0 2 0 5 7 0
0 8 0 7 3 0 0 0 0
0 9 0 0 0 0 0 0 4

no guesses available         at coord: 0, 4

2 1 3 5 7 9 7 9 6
6 9 0 0 7 5 0 3 0
0 4 8 0 9 0 1 0 0
0 0 0 3 0 0 0 0 0
3 0 0 0 1 0 0 0 9
0 0 0 0 0 8 0 0 0
0 0 1 0 2 0 5 7 0
0 8 0 7 3 0 0 0 0
0 9 0 0 0 0 0 0 4

no guesses available         at coord: 0, 5

2 1 3 5 7 9 7 9 6
6 9 0 0 7 5 0 3 0
0 4 8 0 9 0 1 0 0
0 0 0 3 0 0 0 0 0
3 0 0 0 1 0 0 0 9
0 0 0 0 0 8 0 0 0
0 0 1 0 2 0 5 7 0
0 8 0 7 3 0 0 0 0
0 9 0 0 0 0 0 0 4

no guesses available         at coord: 0, 6

2 1 3 5 7 9 7 9 6
6 9 0 0 7 5 0 3 0
0 4 8 0 9 0 1 0 0
0 0 0 3 0 0 0 0 0
3 0 0 0 1 0 0 0 9
0 0 0 0 0 8 0 0 0
0 0 1 0 2 0 5 7 0
0 8 0 7 3 0 0 0 0
0 9 0 0 0 0 0 0 4

no guesses available         at coord: 0, 7

2 1 3 5 7 9 7 9 6
6 9 0 0 7 5 0 3 0
0 4 8 0 9 0 1 0 0
0 0 0 3 0 0 0 0 0
3 0 0 0 1 0 0 0 9
0 0 0 0 0 8 0 0 0
0 0 1 0 2 0 5 7 0
0 8 0 7 3 0 0 0 0
0 9 0 0 0 0 0 0 4

no guesses available         at coord: 0, 8

2 1 3 5 7 9 7 9 6
6 9 0 0 7 5 0 3 0
0 4 8 0 9 0 1 0 0
0 0 0 3 0 0 0 0 0
3 0 0 0 1 0 0 0 9
0 0 0 0 0 8 0 0 0
0 0 1 0 2 0 5 7 0
0 8 0 7 3 0 0 0 0
0 9 0 0 0 0 0 0 4

no guesses available         at coord: 1, 0

2 1 3 5 7 9 7 9 6
6 9 0 0 7 5 0 3 0
0 4 8 0 9 0 1 0 0
0 0 0 3 0 0 0 0 0
3 0 0 0 1 0 0 0 9
0 0 0 0 0 8 0 0 0
0 0 1 0 2 0 5 7 0
0 8 0 7 3 0 0 0 0
0 9 0 0 0 0 0 0 4

no guesses available         at coord: 1, 1

2 1 3 5 7 9 7 9 6
6 9 0 0 7 5 0 3 0
0 4 8 0 9 0 1 0 0
0 0 0 3 0 0 0 0 0
3 0 0 0 1 0 0 0 9
0 0 0 0 0 8 0 0 0
0 0 1 0 2 0 5 7 0
0 8 0 7 3 0 0 0 0
0 9 0 0 0 0 0 0 4

no guesses available         at coord: 1, 2

2 1 3 5 7 9 7 9 6
6 9 0 0 7 5 0 3 0
0 4 8 0 9 0 1 0 0
0 0 0 3 0 0 0 0 0
3 0 0 0 1 0 0 0 9
0 0 0 0 0 8 0 0 0
0 0 1 0 2 0 5 7 0
0 8 0 7 3 0 0 0 0
0 9 0 0 0 0 0 0 4

no guesses available         at coord: 0, 4

2 1 3 5 7 9 7 9 6
6 9 0 0 7 5 0 3 0
0 4 8 0 9 0 1 0 0
0 0 0 3 0 0 0 0 0
3 0 0 0 1 0 0 0 9
0 0 0 0 0 8 0 0 0
0 0 1 0 2 0 5 7 0
0 8 0 7 3 0 0 0 0
0 9 0 0 0 0 0 0 4

no guesses available         at coord: 0, 5

2 1 3 5 7 9 7 9 6
6 9 0 0 7 5 0 3 0
0 4 8 0 9 0 1 0 0
0 0 0 3 0 0 0 0 0
3 0 0 0 1 0 0 0 9
0 0 0 0 0 8 0 0 0
0 0 1 0 2 0 5 7 0
0 8 0 7 3 0 0 0 0
0 9 0 0 0 0 0 0 4

no guesses available         at coord: 0, 6

2 1 3 5 7 9 7 9 6
6 9 0 0 7 5 0 3 0
0 4 8 0 9 0 1 0 0
0 0 0 3 0 0 0 0 0
3 0 0 0 1 0 0 0 9
0 0 0 0 0 8 0 0 0
0 0 1 0 2 0 5 7 0
0 8 0 7 3 0 0 0 0
0 9 0 0 0 0 0 0 4

no guesses available         at coord: 0, 7

2 1 3 5 7 9 7 9 6
6 9 0 0 7 5 0 3 0
0 4 8 0 9 0 1 0 0
0 0 0 3 0 0 0 0 0
3 0 0 0 1 0 0 0 9
0 0 0 0 0 8 0 0 0
0 0 1 0 2 0 5 7 0
0 8 0 7 3 0 0 0 0
0 9 0 0 0 0 0 0 4

no guesses available         at coord: 0, 8

2 1 3 5 7 9 7 9 6
6 9 0 0 7 5 0 3 0
0 4 8 0 9 0 1 0 0
0 0 0 3 0 0 0 0 0
3 0 0 0 1 0 0 0 9
0 0 0 0 0 8 0 0 0
0 0 1 0 2 0 5 7 0
0 8 0 7 3 0 0 0 0
0 9 0 0 0 0 0 0 4

no guesses available         at coord: 1, 0

2 1 3 5 7 9 7 9 6
6 9 0 0 7 5 0 3 0
0 4 8 0 9 0 1 0 0
0 0 0 3 0 0 0 0 0
3 0 0 0 1 0 0 0 9
0 0 0 0 0 8 0 0 0
0 0 1 0 2 0 5 7 0
0 8 0 7 3 0 0 0 0
0 9 0 0 0 0 0 0 4

no guesses available         at coord: 1, 1

2 1 3 5 7 9 7 9 6
6 9 0 0 7 5 0 3 0
0 4 8 0 9 0 1 0 0
0 0 0 3 0 0 0 0 0
3 0 0 0 1 0 0 0 9
0 0 0 0 0 8 0 0 0
0 0 1 0 2 0 5 7 0
0 8 0 7 3 0 0 0 0
0 9 0 0 0 0 0 0 4

no guesses available         at coord: 1, 2

2 1 3 5 7 9 7 9 6
6 9 0 0 7 5 0 3 0
0 4 8 0 9 0 1 0 0
0 0 0 3 0 0 0 0 0
3 0 0 0 1 0 0 0 9
0 0 0 0 0 8 0 0 0
0 0 1 0 2 0 5 7 0
0 8 0 7 3 0 0 0 0
0 9 0 0 0 0 0 0 4

no guesses available         at coord: 0, 5

2 1 3 5 7 9 7 9 6
6 9 0 0 7 5 0 3 0
0 4 8 0 9 0 1 0 0
0 0 0 3 0 0 0 0 0
3 0 0 0 1 0 0 0 9
0 0 0 0 0 8 0 0 0
0 0 1 0 2 0 5 7 0
0 8 0 7 3 0 0 0 0
0 9 0 0 0 0 0 0 4

no guesses available         at coord: 0, 6

2 1 3 5 7 9 7 9 6
6 9 0 0 7 5 0 3 0
0 4 8 0 9 0 1 0 0
0 0 0 3 0 0 0 0 0
3 0 0 0 1 0 0 0 9
0 0 0 0 0 8 0 0 0
0 0 1 0 2 0 5 7 0
0 8 0 7 3 0 0 0 0
0 9 0 0 0 0 0 0 4

no guesses available         at coord: 0, 7

2 1 3 5 7 9 7 9 6
6 9 0 0 7 5 0 3 0
0 4 8 0 9 0 1 0 0
0 0 0 3 0 0 0 0 0
3 0 0 0 1 0 0 0 9
0 0 0 0 0 8 0 0 0
0 0 1 0 2 0 5 7 0
0 8 0 7 3 0 0 0 0
0 9 0 0 0 0 0 0 4

no guesses available         at coord: 0, 8

2 1 3 5 7 9 7 9 6
6 9 0 0 7 5 0 3 0
0 4 8 0 9 0 1 0 0
0 0 0 3 0 0 0 0 0
3 0 0 0 1 0 0 0 9
0 0 0 0 0 8 0 0 0
0 0 1 0 2 0 5 7 0
0 8 0 7 3 0 0 0 0
0 9 0 0 0 0 0 0 4

no guesses available         at coord: 1, 0

2 1 3 5 7 9 7 9 6
6 9 0 0 7 5 0 3 0
0 4 8 0 9 0 1 0 0
0 0 0 3 0 0 0 0 0
3 0 0 0 1 0 0 0 9
0 0 0 0 0 8 0 0 0
0 0 1 0 2 0 5 7 0
0 8 0 7 3 0 0 0 0
0 9 0 0 0 0 0 0 4

no guesses available         at coord: 1, 1

2 1 3 5 7 9 7 9 6
6 9 0 0 7 5 0 3 0
0 4 8 0 9 0 1 0 0
0 0 0 3 0 0 0 0 0
3 0 0 0 1 0 0 0 9
0 0 0 0 0 8 0 0 0
0 0 1 0 2 0 5 7 0
0 8 0 7 3 0 0 0 0
0 9 0 0 0 0 0 0 4

no guesses available         at coord: 1, 2

